[[0.07407672358450987, 0.07307168263321812, 0.07772620438886825, 0.06435738126608627, 0.03972925822228559, 0.05067998352123504, 0.03518540394347995, 0.02166645323941549, 0.030921173985551553, 0.03233485146762246, 0.02810047179258187, 0.022989919799660228, 0.027138147432163334, 0.04239582128190131, 0.04007049057840357, 0.03676086635132557, 0.0406169572001085, 0.04141255828673623, 0.042978068556762825, 0.049416717326395354, 0.0549886880935497, 0.06366761473019074, 0.06432808112852798, 0.04796989666292012, 0.039298709087476374, 0.043600615993275506, 0.04725897112457293, 0.056012157476564385, 0.05689688000812563, 0.05666629491567359, 0.055015681953540146, 0.06302837996672578, 0.052180879276405766, 0.042845658964139985, 0.062240856345425324, 0.06422158562808644, 0.06583599155908922, 0.05438025270112181, 0.04697862539998235, 0.02125646704147823, 0.0, 0.0, -0.0007516401818827498, 0.022383513208456034, -0.01032153233121082, -0.006675651382661096, 0.009674878012224825, 0.0, 0.0, 0.0523631453642927, -0.002829702742101925, 0.0024292159135984046, -0.006646574849306585, -0.013183234080569688, 0.0, 0.0, 0.0], [0.07307168263321812, 0.11076912275494762, 0.10324595169338785, 0.09650337972071467, 0.06301605378775045, 0.0719092331717591, 0.040848769829380294, 0.03080087608783141, 0.045541892260726025, 0.047762627297730786, 0.04231919404512714, 0.028945830964103497, 0.03301326471724328, 0.061233542012346404, 0.05203761882152421, 0.03772190959667655, 0.032523361468924976, 0.0339142686159634, 0.030939240880011237, 0.04152072050109566, 0.04697185777626968, 0.04571281143478629, 0.04881867139986409, 0.03388905036466796, 0.020004232330708544, 0.018243187019553533, 0.018369732467285668, 0.030028043830283294, 0.03929894834211556, 0.0632049463680157, 0.059625722685453034, 0.06884493647455145, 0.05336067818542528, 0.05498406943092557, 0.08417821220870461, 0.07837892773543198, 0.07884480730347439, 0.07959357731586171, 0.07374568289993925, 0.021469995791286646, 0.0, 0.0, -0.011943249201678632, 0.005332072818314541, -0.0031805159817411303, -0.010884568396562305, 0.007849828579131909, 0.0, 0.0, 0.018637213455013353, -0.010100647354684847, 0.0020730501533632708, 0.0009021396140750726, -0.09301436871270227, 0.0, 0.0, 0.0], [0.07772620438886825, 0.10324595169338785, 0.13600139577132528, 0.11862465424156632, 0.06727582259989764, 0.08787498616998443, 0.048809556986140396, 0.029355571554470238, 0.055942540187827225, 0.05845939779610508, 0.052259397261806034, 0.02200101794195222, 0.028345213077780887, 0.07849993558439236, 0.07730987289074512, 0.06751124587262944, 0.07335366316643754, 0.08132577506976246, 0.08072953987073223, 0.08011766321680014, 0.08071554846851933, 0.08233773189059483, 0.08596376498961662, 0.0740030201022077, 0.06917923573365296, 0.07728289506622617, 0.08259149309754256, 0.09227745665777697, 0.09864243142863205, 0.11366817899701609, 0.10640216320517205, 0.11035155381366982, 0.08394643560649623, 0.06929185526900636, 0.12006682179710076, 0.11958334781907776, 0.12067421194114109, 0.11415368272062915, 0.0979347499574554, 0.030460736241348884, 0.0, 0.0, 0.0024163235986329997, 0.030426128772105578, -0.025813109549981752, -0.004631350469724818, 0.016821556544029666, 0.0, 0.0, 0.09844573784502061, -0.028776675407939673, 0.004516197764809004, 0.02201797214496136, -0.07000672448583262, 0.0, 0.0, 0.0], [0.06435738126608627, 0.09650337972071467, 0.11862465424156632, 0.13790595008279186, 0.08578373954211216, 0.09563923904617894, 0.05445583278355448, 0.039265148486050304, 0.061719498646397676, 0.06210809820002157, 0.06334443099755338, 0.023667242790793103, 0.03305700855607746, 0.0952713858574022, 0.09457461589384768, 0.08446831779089459, 0.07530064061927985, 0.08105912307799885, 0.08191405487778958, 0.07581459714749063, 0.07152285055083875, 0.06904565549093065, 0.06593882144313067, 0.06089915810169108, 0.05665479904429715, 0.06552725198498686, 0.06962084860547414, 0.08113666696883573, 0.09594334888702306, 0.11355609449474834, 0.10476930710004775, 0.11326237135903525, 0.08906779282771386, 0.07798452920794191, 0.13865602333688465, 0.12621160049099941, 0.130549011992111, 0.1450804829735147, 0.12338352461040929, 0.029062200769904758, 0.0, 0.0, -0.004408575845695411, 0.01387708870139984, -0.01725048581729065, 0.006793665567599705, 0.01680414631841616, 0.0, 0.0, 0.07982360583441735, -0.018082236795732815, 0.004374966793400916, 0.0382578588206652, -0.14783476385749642, 0.0, 0.0, 0.0], [0.03972925822228559, 0.06301605378775045, 0.06727582259989764, 0.08578373954211216, 0.09679558871402377, 0.098242685058934, 0.04851090596727414, 0.033591437624517405, 0.06040567277961416, 0.06277118097015032, 0.05823407168135807, 0.02302100204758263, 0.03388887796035939, 0.08197249137872999, 0.07885682839812824, 0.06223440873985367, 0.04449683043764755, 0.046739122236342544, 0.04424588466610718, 0.0411425437640107, 0.0409147218831005, 0.032903403778988524, 0.029388779660843058, 0.03142782877001834, 0.024471233155696846, 0.02925763323459881, 0.026935306641388615, 0.030180796053529965, 0.04699419002472599, 0.07128768011361214, 0.07334372118342479, 0.07803674343418597, 0.05995180312830518, 0.07266817502278183, 0.11891047011405231, 0.08629247834103954, 0.09205455811082645, 0.10798849236498007, 0.09845144421823418, 0.022028648984760264, 0.0, 0.0, -0.016561730278748396, 0.031395352620030854, -0.010852349665378257, 0.002724958983623749, 0.011192008813726688, 0.0, 0.0, 0.03344783721291793, -0.025061167963251425, 0.002798828361011945, 0.06267796111090299, -0.17208774440474603, 0.0, 0.0, 0.0], [0.05067998352123504, 0.0719092331717591, 0.08787498616998443, 0.09563923904617894, 0.098242685058934, 0.1569739278613332, 0.08626079672703171, 0.03902339733382966, 0.07078209909014228, 0.07580454861193153, 0.07658442239310013, 0.03255011792271045, 0.04230643028377319, 0.1054385715727088, 0.09844824244071251, 0.08233532379568058, 0.07362458110364258, 0.08141891208551355, 0.08169864856806491, 0.07112230187054727, 0.06662398123858283, 0.06597986773592925, 0.05939917748652156, 0.06271512753287785, 0.05698417783624209, 0.06724178342968107, 0.07259454598414644, 0.07402358254509085, 0.09679651118110937, 0.11610089398039142, 0.11471877043207004, 0.12258997065364342, 0.09458122292834736, 0.09596639631681132, 0.16038433125548235, 0.12044201074267498, 0.13749538411209952, 0.14580418273528067, 0.12443773174413844, 0.03000610844282021, 0.0, 0.0, -0.024014793982584322, 0.0705950330276243, -0.03642543290985131, -0.007504423441556121, 0.020319861050381468, 0.0, 0.0, 0.08751231334784132, -0.04287897641319864, 0.005480966645366557, 0.08744266929375792, -0.19007313633175857, 0.0, 0.0, 0.0], [0.03518540394347995, 0.040848769829380294, 0.048809556986140396, 0.05445583278355448, 0.04851090596727414, 0.08626079672703171, 0.09373883603058396, 0.04681500177686474, 0.04010499901025456, 0.04496247200321207, 0.05198007200967614, 0.034678480347129156, 0.035479996738943545, 0.05596353124990644, 0.06326541451264468, 0.057727207043050954, 0.05813550949552647, 0.055956421253390225, 0.053433588074972546, 0.050259111827750294, 0.03951853724160869, 0.043593146345883696, 0.042096580265723466, 0.046892615516404015, 0.03708598314418726, 0.04399884087234103, 0.04754748875008666, 0.051334290352717124, 0.06047910115083656, 0.06777134654557325, 0.06507336661563315, 0.0690326640934279, 0.05332473083507913, 0.06044209510606845, 0.09568592439716478, 0.05922309785399636, 0.07195555436521898, 0.07234947625035183, 0.06306704284265484, 0.020325274843668282, 0.0, 0.0, -0.022354549343626993, 0.08404403464760608, -0.028007995658378394, -0.0024237491324469672, 0.01241973277683622, 0.0, 0.0, 0.03451931807849577, -0.01993501027422635, 0.0030375484518695684, 0.06449312366555858, -0.09435070817751018, 0.0, 0.0, 0.0], [0.02166645323941549, 0.03080087608783141, 0.029355571554470238, 0.039265148486050304, 0.033591437624517405, 0.03902339733382966, 0.04681500177686474, 0.05837404947270228, 0.04501575635757112, 0.034483696349408885, 0.033639611216559326, 0.026431513429789184, 0.0295906388210579, 0.041308420295846124, 0.04491736406123027, 0.0476222989209118, 0.04312998991235309, 0.037192438482642365, 0.03797898224979138, 0.032292489506600915, 0.02526010732041186, 0.02981935545985442, 0.035989223684292575, 0.03461213037950733, 0.016762320612194515, 0.016886061713463237, 0.017342965147379735, 0.015742937836832966, 0.025134997773305703, 0.03664094358888419, 0.03561016798165463, 0.04169840818828596, 0.03062951009301711, 0.051791324409825694, 0.07206713437154141, 0.03958701077812888, 0.04110851363094159, 0.04647724753406445, 0.04216715540575433, 0.014165691597580347, 0.0, 0.0, -0.020654982141772565, 0.03831540463585761, -0.0158650898311198, 0.0028446883207608707, 0.007442110225479469, 0.0, 0.0, 0.011577939527257086, -0.022595904177895816, 0.0014376776941443423, 0.04880209421385324, -0.06552810072650621, 0.0, 0.0, 0.0], [0.030921173985551553, 0.045541892260726025, 0.055942540187827225, 0.061719498646397676, 0.06040567277961416, 0.07078209909014228, 0.04010499901025456, 0.04501575635757112, 0.08386671299089671, 0.07221851337185653, 0.059731298040232125, 0.02789181283601673, 0.04082611923383882, 0.07821985304699255, 0.08068332912562018, 0.07531876855038679, 0.06639885680227436, 0.0693842563592704, 0.06786433189867226, 0.05273742465680006, 0.05273943601464648, 0.05980218886798063, 0.06074173993353576, 0.06319534801849286, 0.04690836362381691, 0.05313069574353987, 0.05340344063585289, 0.0463287527514156, 0.06320882502499736, 0.0759195684921536, 0.07781536958410018, 0.08382377095285584, 0.06953158603061674, 0.08966590293248791, 0.12158445953194968, 0.07951985962416024, 0.0833370114241137, 0.08915645818220685, 0.08247262316268134, 0.026733972126622648, 0.0, 0.0, -0.01628623680555068, 0.04419194984668816, -0.026063699324881416, -0.0030865436002790792, 0.015926095849845653, 0.0, 0.0, 0.06927000334192404, -0.05109397046474179, 0.0037980512872320916, 0.09562761861133155, -0.11063310067887837, 0.0, 0.0, 0.0], [0.03233485146762246, 0.047762627297730786, 0.05845939779610508, 0.06210809820002157, 0.06277118097015032, 0.07580454861193153, 0.04496247200321207, 0.034483696349408885, 0.07221851337185653, 0.09134752233676721, 0.0740765134683089, 0.03360665894178101, 0.044539472167141755, 0.08062561543025085, 0.08110049999160865, 0.07283177388336598, 0.06566429102913182, 0.07275464256159311, 0.06586727033233411, 0.05225175919118336, 0.050180763890850424, 0.056110378712638416, 0.05784293451825405, 0.05996258161495403, 0.04584647973060778, 0.053514649413789674, 0.05121516289730144, 0.045562187963591516, 0.06391297409208872, 0.07985209734005858, 0.08025046764855456, 0.07861731531217575, 0.06421657209500922, 0.09359948817433154, 0.12592582188610174, 0.08073828492353652, 0.08731041521317459, 0.09178925999709212, 0.08516735992269639, 0.027613269229166626, 0.0, 0.0, -0.013209486364981177, 0.050690659612281884, -0.025692906385188025, -0.004629188397735063, 0.015905440921662534, 0.0, 0.0, 0.06508995930580064, -0.053526776679847884, 0.003254387523786513, 0.11013733004711529, -0.11446428239964457, 0.0, 0.0, 0.0], [0.02810047179258187, 0.04231919404512714, 0.052259397261806034, 0.06334443099755338, 0.05823407168135807, 0.07658442239310013, 0.05198007200967614, 0.033639611216559326, 0.059731298040232125, 0.0740765134683089, 0.08731300093615943, 0.03833729341567608, 0.04204537910658103, 0.08414492983913074, 0.09073871522841453, 0.0809939639201412, 0.07959919911505922, 0.08507200409741834, 0.08268933307096436, 0.06283434564252044, 0.06075387391735958, 0.07014949767315454, 0.07004374134731106, 0.0709378723744179, 0.061229743994231596, 0.06861945373110825, 0.06963535382770689, 0.07400793748422635, 0.08711713142713733, 0.095993282602018, 0.08904598024516056, 0.08866501319339003, 0.07095841185837107, 0.0924646232823631, 0.13735288899839182, 0.08777199949718513, 0.0983987430186804, 0.10216678723618193, 0.08576128873708307, 0.026091181015192727, 0.0, 0.0, -0.009250284042443433, 0.06517476365194232, -0.030612518433010577, -0.0031859626362059934, 0.01815739337232286, 0.0, 0.0, 0.08515192816963695, -0.055297644393988044, 0.00372408054266855, 0.11820381056468561, -0.11605818958147801, 0.0, 0.0, 0.0], [0.022989919799660228, 0.028945830964103497, 0.02200101794195222, 0.023667242790793103, 0.02302100204758263, 0.03255011792271045, 0.034678480347129156, 0.026431513429789184, 0.02789181283601673, 0.03360665894178101, 0.03833729341567608, 0.047722705772431005, 0.04438890873185053, 0.04142500929282031, 0.04410114928805292, 0.040341737553094115, 0.03439839277028995, 0.02793889304207146, 0.023979605424083165, 0.018948570948367414, 0.0236221543353378, 0.034217276185451055, 0.03613961532440592, 0.028284802656012076, 0.011732463279099544, 0.012035412751117802, 0.009634277447659958, 0.018877942787336142, 0.021844492247580363, 0.023906806401075925, 0.028501945677344112, 0.03454398388112881, 0.0322085004764256, 0.052128228741984146, 0.057101502202051, 0.028171559128217616, 0.03189273283256026, 0.036714852446806376, 0.030762314516509008, 0.015571861471231008, 0.0, 0.0, -0.018373276046235964, 0.015917418239297636, -0.00538299172985848, 0.0007595860797864738, 0.006543500775205183, 0.0, 0.0, 0.006598492546575254, -0.01640711503955856, 0.001011551094841551, 0.041764162363458555, -0.07886805912950742, 0.0, 0.0, 0.0], [0.027138147432163334, 0.03301326471724328, 0.028345213077780887, 0.03305700855607746, 0.03388887796035939, 0.04230643028377319, 0.035479996738943545, 0.0295906388210579, 0.04082611923383882, 0.044539472167141755, 0.04204537910658103, 0.04438890873185053, 0.06762130648573549, 0.06961644151506652, 0.06036679545692822, 0.055533114863901, 0.04629973644431039, 0.04019745146395524, 0.03358191976104713, 0.02859197962432571, 0.03623908097692265, 0.043778093933445894, 0.03853906997810596, 0.03431536473180716, 0.01937986089737728, 0.022699176189677758, 0.021062295461028693, 0.021536032161522063, 0.02684691663711804, 0.03427819762668756, 0.04586593099506746, 0.0545478564125639, 0.04568090987881908, 0.06650479998935865, 0.08248138196344845, 0.04734364601801511, 0.05237401670631786, 0.06165105804759692, 0.05595666004550619, 0.022175468716441108, 0.0, 0.0, -0.015281693609626574, 0.012563094981943374, -0.009350521019250616, -0.003919469378252954, 0.009550321359386915, 0.0, 0.0, 0.022949629705010355, -0.02426705315505792, 0.0018713849928502719, 0.0530873184318075, -0.12795102851290732, 0.0, 0.0, 0.0], [0.04239582128190131, 0.061233542012346404, 0.07849993558439236, 0.0952713858574022, 0.08197249137872999, 0.1054385715727088, 0.05596353124990644, 0.041308420295846124, 0.07821985304699255, 0.08062561543025085, 0.08414492983913074, 0.04142500929282031, 0.06961644151506652, 0.1507906082126348, 0.1399317705018534, 0.11831847305563825, 0.10271484236078819, 0.10793110707860004, 0.10763197356669464, 0.08768081255877677, 0.09792483861927331, 0.10167081224581098, 0.09128733928037508, 0.0866187550629148, 0.08108339949755433, 0.08991469726064921, 0.09468361209401394, 0.09947257368899291, 0.1149466806106777, 0.12040243586175503, 0.12232160451226662, 0.1333596123166218, 0.11290693082179755, 0.11988903308506224, 0.18306754483429782, 0.13680352040974267, 0.14649833838452764, 0.1638096285511873, 0.1398117866315228, 0.041239458709539684, 0.0, 0.0, -0.0015369195852570315, 0.01638296849124817, -0.02716984149870182, -0.00030040779009503284, 0.02430841346251922, 0.0, 0.0, 0.13184029827421723, -0.06013023089040021, 0.0056440831814998284, 0.11185795015777669, -0.22213068521037158, 0.0, 0.0, 0.0], [0.04007049057840357, 0.05203761882152421, 0.07730987289074512, 0.09457461589384768, 0.07885682839812824, 0.09844824244071251, 0.06326541451264468, 0.04491736406123027, 0.08068332912562018, 0.08110049999160865, 0.09073871522841453, 0.04410114928805292, 0.06036679545692822, 0.1399317705018534, 0.17905530944340767, 0.15639185121714533, 0.13006999522082044, 0.13426178415029238, 0.13683846174751135, 0.10897645732039157, 0.11007749221402927, 0.12051602900501926, 0.11253685930362103, 0.11279438687160528, 0.10216336749379157, 0.11192641603947598, 0.1190625951651243, 0.1269899541468108, 0.13634202659889563, 0.13488957571688104, 0.12693622442168534, 0.13333132071975418, 0.11166730268564397, 0.11950358513197556, 0.18665189712386437, 0.1383699790196909, 0.14708628727573805, 0.15950139587136358, 0.12614084051861962, 0.04348208342985989, 0.0, 0.0, 0.004942524829272167, 0.03314960461553129, -0.034035764190167885, 0.012965476774713143, 0.027405512157992144, 0.0, 0.0, 0.14158262239222438, -0.05023151779662656, 0.006294289671840193, 0.12060945450174819, -0.1948433305129995, 0.0, 0.0, 0.0], [0.03676086635132557, 0.03772190959667655, 0.06751124587262944, 0.08446831779089459, 0.06223440873985367, 0.08233532379568058, 0.057727207043050954, 0.0476222989209118, 0.07531876855038679, 0.07283177388336598, 0.0809939639201412, 0.040341737553094115, 0.055533114863901, 0.11831847305563825, 0.15639185121714533, 0.18275364896411522, 0.1684916755475453, 0.15657902303235713, 0.16236004374673202, 0.12972342139334786, 0.12010580930497458, 0.1331168330578561, 0.13489759755340247, 0.13198446892109944, 0.1225425579724134, 0.14023289550177345, 0.14247321058516965, 0.14669930281740765, 0.15459904680884726, 0.14367856092922845, 0.1340047345326592, 0.14334321540308748, 0.11859716499656005, 0.11156974040519008, 0.17863165252926255, 0.13903263337009095, 0.14576529860161386, 0.15640660155666225, 0.11877656400352354, 0.04011908658875426, 0.0, 0.0, 0.012772828693684544, 0.03703436951106247, -0.04166533973730055, 0.0032631211649571694, 0.031303812567183516, 0.0, 0.0, 0.16099584957083035, -0.04480222379665167, 0.007291892059721927, 0.11447465697578874, -0.11656743813884347, 0.0, 0.0, 0.0], [0.0406169572001085, 0.032523361468924976, 0.07335366316643754, 0.07530064061927985, 0.04449683043764755, 0.07362458110364258, 0.05813550949552647, 0.04312998991235309, 0.06639885680227436, 0.06566429102913182, 0.07959919911505922, 0.03439839277028995, 0.04629973644431039, 0.10271484236078819, 0.13006999522082044, 0.1684916755475453, 0.2138596734081558, 0.19490465929191814, 0.19384899404189587, 0.1585413267823591, 0.13929165272780358, 0.15237826002795282, 0.16321821312537255, 0.15655930092980735, 0.16006914644736694, 0.18807704763168265, 0.18795729707159273, 0.1877879316958112, 0.18947640265854235, 0.16905481987449725, 0.15526814259394442, 0.16282258271753025, 0.1251266508213005, 0.10030982429560428, 0.17406005051704365, 0.14776638316358023, 0.16092793734386557, 0.15251378370347596, 0.1140926348270676, 0.04299125371111444, 0.0, 0.0, 0.02419933386367317, 0.06435140268072634, -0.05855027666678488, 0.006763564367212888, 0.03517955890410123, 0.0, 0.0, 0.20579354879556036, -0.0528877625920219, 0.008112419970208859, 0.12571781495475692, -0.03924589488272473, 0.0, 0.0, 0.0], [0.04141255828673623, 0.0339142686159634, 0.08132577506976246, 0.08105912307799885, 0.046739122236342544, 0.08141891208551355, 0.055956421253390225, 0.037192438482642365, 0.0693842563592704, 0.07275464256159311, 0.08507200409741834, 0.02793889304207146, 0.04019745146395524, 0.10793110707860004, 0.13426178415029238, 0.15657902303235713, 0.19490465929191814, 0.2117923146161571, 0.20559436985123028, 0.16420344911677726, 0.14890847739147, 0.1640961544588398, 0.1676566284707766, 0.16519151484075897, 0.17472459221184822, 0.20048377274539703, 0.2079106786479361, 0.20041357874162105, 0.20019898506145495, 0.1787196444229549, 0.16406749034298482, 0.1652525029182466, 0.12825723490633667, 0.09943988715224857, 0.16940109997460906, 0.1460628940141092, 0.16827867267360772, 0.15395059541783815, 0.11667585896541731, 0.045921150829535226, 0.0, 0.0, 0.02849356948919497, 0.06856455386412957, -0.0660373864780449, 0.003815495009842257, 0.03648145709572939, 0.0, 0.0, 0.22235998606582746, -0.05479921103192709, 0.008092303944114997, 0.1277508625359739, -0.01162127711171258, 0.0, 0.0, 0.0], [0.042978068556762825, 0.030939240880011237, 0.08072953987073223, 0.08191405487778958, 0.04424588466610718, 0.08169864856806491, 0.053433588074972546, 0.03797898224979138, 0.06786433189867226, 0.06586727033233411, 0.08268933307096436, 0.023979605424083165, 0.03358191976104713, 0.10763197356669464, 0.13683846174751135, 0.16236004374673202, 0.19384899404189587, 0.20559436985123028, 0.2335070118126979, 0.17929541149269684, 0.16356180229807615, 0.1806986091885195, 0.18556291348980247, 0.17379027788389104, 0.1815687312844475, 0.20950387264264944, 0.21915349031631967, 0.2147423607283105, 0.21719608595950415, 0.18956169909836676, 0.17315750250156228, 0.1747330785006245, 0.139593998732934, 0.10432961677246433, 0.18260136410387978, 0.16322256003726385, 0.18186800520540977, 0.16878281183297852, 0.12587758797531917, 0.05145430211096944, 0.0, 0.0, 0.032647705666370146, 0.07295079904931304, -0.07312735733566227, 0.0005062099239033983, 0.03928361451724999, 0.0, 0.0, 0.25969630338121896, -0.05986151199411982, 0.008767908707590207, 0.12960951637240695, 0.006816858200840766, 0.0, 0.0, 0.0], [0.049416717326395354, 0.04152072050109566, 0.08011766321680014, 0.07581459714749063, 0.0411425437640107, 0.07112230187054727, 0.050259111827750294, 0.032292489506600915, 0.05273742465680006, 0.05225175919118336, 0.06283434564252044, 0.018948570948367414, 0.02859197962432571, 0.08768081255877677, 0.10897645732039157, 0.12972342139334786, 0.1585413267823591, 0.16420344911677726, 0.17929541149269684, 0.17085792719432547, 0.14928206498744345, 0.15908877202391694, 0.1605569504052659, 0.14148916420789365, 0.14998382664613807, 0.17233541297302277, 0.18164147564738026, 0.18690089105019236, 0.18741096703490262, 0.1660285231776899, 0.15428571616301298, 0.1605388312245611, 0.12886460167765051, 0.08179925408561306, 0.14651503224405804, 0.15012845150680737, 0.16206379015582079, 0.14853391543571967, 0.11100929141182972, 0.04856318670278567, 0.0, 0.0, 0.030828923878563515, 0.051086197159802955, -0.052181364323328656, -0.009151416861419617, 0.0327922637608124, 0.0, 0.0, 0.22365932179411163, -0.04345739047140587, 0.007178785212863455, 0.08496111525795425, 0.015857085099764637, 0.0, 0.0, 0.0], [0.0549886880935497, 0.04697185777626968, 0.08071554846851933, 0.07152285055083875, 0.0409147218831005, 0.06662398123858283, 0.03951853724160869, 0.02526010732041186, 0.05273943601464648, 0.050180763890850424, 0.06075387391735958, 0.0236221543353378, 0.03623908097692265, 0.09792483861927331, 0.11007749221402927, 0.12010580930497458, 0.13929165272780358, 0.14890847739147, 0.16356180229807615, 0.14928206498744345, 0.16862397654738098, 0.180551172700421, 0.16846228965831536, 0.1349200946891661, 0.13959479158994165, 0.15458939589162063, 0.17006932568177063, 0.18134435108799224, 0.1792228523241376, 0.14997838444280207, 0.13998043563217985, 0.14736196370352958, 0.12458767278283531, 0.07706097522872526, 0.13281747101456548, 0.14029646459352943, 0.1513277040607736, 0.13817648441658645, 0.1058838519773066, 0.05132907691541391, 0.0, 0.0, 0.03572034315346214, 0.031505652899087015, -0.04428905237257071, -0.01911993833331844, 0.03119099820021256, 0.0, 0.0, 0.22538137079954063, -0.024849528807698966, 0.007077041301227947, 0.06774085404205704, 0.014579061287378792, 0.0, 0.0, 0.0], [0.06366761473019074, 0.04571281143478629, 0.08233773189059483, 0.06904565549093065, 0.032903403778988524, 0.06597986773592925, 0.043593146345883696, 0.02981935545985442, 0.05980218886798063, 0.056110378712638416, 0.07014949767315454, 0.034217276185451055, 0.043778093933445894, 0.10167081224581098, 0.12051602900501926, 0.1331168330578561, 0.15237826002795282, 0.1640961544588398, 0.1806986091885195, 0.15908877202391694, 0.180551172700421, 0.22803922425898043, 0.20755028693194144, 0.15923728538603965, 0.1520638912595667, 0.1660760011818123, 0.18449483552572432, 0.19834156621518118, 0.19441014641032128, 0.1499181306912857, 0.13823613520122716, 0.14598410730272932, 0.13254907302251487, 0.0935520569541764, 0.14021945573817812, 0.1346617584491504, 0.14743943547238372, 0.12418657982217891, 0.09396322521944399, 0.05771851861003643, 0.0, 0.0, 0.03666990799795196, 0.05648363475866677, -0.05811659392368228, -0.021292351417410014, 0.03438729845535266, 0.0, 0.0, 0.24972161090817613, -0.018005474779168855, 0.007925098663693205, 0.07232561366210544, 0.05372113995947813, 0.0, 0.0, 0.0], [0.06432808112852798, 0.04881867139986409, 0.08596376498961662, 0.06593882144313067, 0.029388779660843058, 0.05939917748652156, 0.042096580265723466, 0.035989223684292575, 0.06074173993353576, 0.05784293451825405, 0.07004374134731106, 0.03613961532440592, 0.03853906997810596, 0.09128733928037508, 0.11253685930362103, 0.13489759755340247, 0.16321821312537255, 0.1676566284707766, 0.18556291348980247, 0.1605569504052659, 0.16846228965831536, 0.20755028693194144, 0.22729349884438532, 0.17154368424852579, 0.155156726854292, 0.1725509807895093, 0.18638713687678027, 0.1992381681284707, 0.18779444216966307, 0.14943732517279645, 0.1387637673391193, 0.1451067156471997, 0.1252798692042697, 0.09517802643318651, 0.14327765645939572, 0.13465385485600873, 0.13961669461190537, 0.1132595607662423, 0.08237493619235373, 0.05264424100490473, 0.0, 0.0, 0.029079961009169267, 0.06632624655365746, -0.061561671852542306, -0.018661057893928176, 0.03432740288816926, 0.0, 0.0, 0.23989116009430916, -0.03408625331720781, 0.007567634584781439, 0.0777203042720992, 0.1003481075285363, 0.0, 0.0, 0.0], [0.04796989666292012, 0.03388905036466796, 0.0740030201022077, 0.06089915810169108, 0.03142782877001834, 0.06271512753287785, 0.046892615516404015, 0.03461213037950733, 0.06319534801849286, 0.05996258161495403, 0.0709378723744179, 0.028284802656012076, 0.03431536473180716, 0.0866187550629148, 0.11279438687160528, 0.13198446892109944, 0.15655930092980735, 0.16519151484075897, 0.17379027788389104, 0.14148916420789365, 0.1349200946891661, 0.15923728538603965, 0.17154368424852579, 0.17594322127362677, 0.16298210137474894, 0.18123379894422695, 0.19308514204530222, 0.18940930650618154, 0.18440693318488494, 0.15807803425871625, 0.14521249243955012, 0.1418448969168544, 0.11448868720844257, 0.10000937599117321, 0.15690712688653338, 0.12737451642516046, 0.13801816932919325, 0.11721992993809212, 0.08523994486605238, 0.04770983226091831, 0.0, 0.0, 0.021648101611673652, 0.0937267041300592, -0.06948323701594483, -0.002333041069274025, 0.03292723785136882, 0.0, 0.0, 0.22305642398187633, -0.0750641535609887, 0.007180310454705563, 0.1045459192796301, 0.06241157360997599, 0.0, 0.0, 0.0], [0.039298709087476374, 0.020004232330708544, 0.06917923573365296, 0.05665479904429715, 0.024471233155696846, 0.05698417783624209, 0.03708598314418726, 0.016762320612194515, 0.04690836362381691, 0.04584647973060778, 0.061229743994231596, 0.011732463279099544, 0.01937986089737728, 0.08108339949755433, 0.10216336749379157, 0.1225425579724134, 0.16006914644736694, 0.17472459221184822, 0.1815687312844475, 0.14998382664613807, 0.13959479158994165, 0.1520638912595667, 0.155156726854292, 0.16298210137474894, 0.19658927478267063, 0.22250232182360224, 0.22868381303030974, 0.22534757767760266, 0.22008009360155972, 0.18568394375117825, 0.16664202638842293, 0.1607239687431595, 0.13113081600294302, 0.08034692415027811, 0.14089657707242875, 0.142169113303827, 0.156716793304523, 0.1321904846697153, 0.09176677333869651, 0.043936410024754846, 0.0, 0.0, 0.034968547643222936, 0.09833982268770987, -0.07441883238943735, -0.0035584476681777607, 0.03524095092329359, 0.0, 0.0, 0.26021201492304713, -0.07170047205160773, 0.00796659353504748, 0.10390305962785659, 0.06970738251884785, 0.0, 0.0, 0.0], [0.043600615993275506, 0.018243187019553533, 0.07728289506622617, 0.06552725198498686, 0.02925763323459881, 0.06724178342968107, 0.04399884087234103, 0.016886061713463237, 0.05313069574353987, 0.053514649413789674, 0.06861945373110825, 0.012035412751117802, 0.022699176189677758, 0.08991469726064921, 0.11192641603947598, 0.14023289550177345, 0.18807704763168265, 0.20048377274539703, 0.20950387264264944, 0.17233541297302277, 0.15458939589162063, 0.1660760011818123, 0.1725509807895093, 0.18123379894422695, 0.22250232182360224, 0.2736066937188465, 0.2753790417807791, 0.26953137808142436, 0.26271037571764866, 0.22309621393476337, 0.20300851377902399, 0.1976863110642829, 0.16045086485403023, 0.09578524465928126, 0.1688380639032743, 0.1728205271452171, 0.189569601652031, 0.1583915363687305, 0.10980532274534573, 0.05165243340081931, 0.0, 0.0, 0.03905579764284169, 0.12399410465639474, -0.08658621511694159, -0.0033988433265173886, 0.0418733480722658, 0.0, 0.0, 0.30601615130084325, -0.08642273536230907, 0.009460834417971686, 0.12727410293806002, 0.07482500359711187, 0.0, 0.0, 0.0], [0.04725897112457293, 0.018369732467285668, 0.08259149309754256, 0.06962084860547414, 0.026935306641388615, 0.07259454598414644, 0.04754748875008666, 0.017342965147379735, 0.05340344063585289, 0.05121516289730144, 0.06963535382770689, 0.009634277447659958, 0.021062295461028693, 0.09468361209401394, 0.1190625951651243, 0.14247321058516965, 0.18795729707159273, 0.2079106786479361, 0.21915349031631967, 0.18164147564738026, 0.17006932568177063, 0.18449483552572432, 0.18638713687678027, 0.19308514204530222, 0.22868381303030974, 0.2753790417807791, 0.30650306149247203, 0.3006244451184078, 0.2870547346184057, 0.23497040457259974, 0.21489099183755087, 0.2053177524389147, 0.16711268410982624, 0.09539315866845467, 0.17375569228629867, 0.18415716522037195, 0.20208244797755387, 0.17061338850971502, 0.1184018578342615, 0.05631210812517909, 0.0, 0.0, 0.04300894382983599, 0.12838104845344822, -0.09037033129062552, -0.0012400384128695274, 0.04421014808768394, 0.0, 0.0, 0.3354838990706232, -0.08159411703346357, 0.010065251742063545, 0.12480144457288556, 0.08522597532389768, 0.0, 0.0, 0.0], [0.056012157476564385, 0.030028043830283294, 0.09227745665777697, 0.08113666696883573, 0.030180796053529965, 0.07402358254509085, 0.051334290352717124, 0.015742937836832966, 0.0463287527514156, 0.045562187963591516, 0.07400793748422635, 0.018877942787336142, 0.021536032161522063, 0.09947257368899291, 0.1269899541468108, 0.14669930281740765, 0.1877879316958112, 0.20041357874162105, 0.2147423607283105, 0.18690089105019236, 0.18134435108799224, 0.19834156621518118, 0.1992381681284707, 0.18940930650618154, 0.22534757767760266, 0.26953137808142436, 0.3006244451184078, 0.34477814253307065, 0.3240191592758257, 0.2515266189048678, 0.23120537082679404, 0.23308918532602396, 0.198780787571198, 0.10922433364287376, 0.1874416313156402, 0.20701531161813486, 0.2192729606438786, 0.18040005681474733, 0.12323357839620065, 0.05581833935320647, 0.0, 0.0, 0.04807137824421204, 0.10700980713030157, -0.06999608117241311, -0.007131160267988471, 0.04643331598943644, 0.0, 0.0, 0.36379933525532365, -0.10458980517448742, 0.010641263093698224, 0.10235037744407294, 0.06312513322986242, 0.0, 0.0, 0.0], [0.05689688000812563, 0.03929894834211556, 0.09864243142863205, 0.09594334888702306, 0.04699419002472599, 0.09679651118110937, 0.06047910115083656, 0.025134997773305703, 0.06320882502499736, 0.06391297409208872, 0.08711713142713733, 0.021844492247580363, 0.02684691663711804, 0.1149466806106777, 0.13634202659889563, 0.15459904680884726, 0.18947640265854235, 0.20019898506145495, 0.21719608595950415, 0.18741096703490262, 0.1792228523241376, 0.19441014641032128, 0.18779444216966307, 0.18440693318488494, 0.22008009360155972, 0.26271037571764866, 0.2870547346184057, 0.3240191592758257, 0.3341690716870631, 0.27121341601438265, 0.24735160043179505, 0.24982796629077408, 0.21942196177057843, 0.13817410913455508, 0.21725418552933193, 0.22747717270141382, 0.24171162892490733, 0.21060773590439513, 0.14897563012706666, 0.056187002324290525, 0.0, 0.0, 0.04157633197435089, 0.10090243497959595, -0.06607600651306561, -0.016708066421613085, 0.04942500704639742, 0.0, 0.0, 0.3742750647332907, -0.13618469239741668, 0.011543933631764376, 0.129944292300489, 0.007149796447573128, 0.0, 0.0, 0.0], [0.05666629491567359, 0.0632049463680157, 0.11366817899701609, 0.11355609449474834, 0.07128768011361214, 0.11610089398039142, 0.06777134654557325, 0.03664094358888419, 0.0759195684921536, 0.07985209734005858, 0.095993282602018, 0.023906806401075925, 0.03427819762668756, 0.12040243586175503, 0.13488957571688104, 0.14367856092922845, 0.16905481987449725, 0.1787196444229549, 0.18956169909836676, 0.1660285231776899, 0.14997838444280207, 0.1499181306912857, 0.14943732517279645, 0.15807803425871625, 0.18568394375117825, 0.22309621393476337, 0.23497040457259974, 0.2515266189048678, 0.27121341601438265, 0.2803237659363769, 0.25160223817024246, 0.2447364290519926, 0.2010865991838092, 0.1439879802965262, 0.23649889642800637, 0.22921876925101, 0.24552998806066642, 0.23290464500627656, 0.17366758530120607, 0.055807054180883275, 0.0, 0.0, 0.025019079780089867, 0.09980715152474326, -0.06078105295439565, -0.01465811859981099, 0.04441986893922788, 0.0, 0.0, 0.3118245356646947, -0.14761954062000768, 0.009952873119272678, 0.15222407390044096, -0.0832387486140746, 0.0, 0.0, 0.0], [0.055015681953540146, 0.059625722685453034, 0.10640216320517205, 0.10476930710004775, 0.07334372118342479, 0.11471877043207004, 0.06507336661563315, 0.03561016798165463, 0.07781536958410018, 0.08025046764855456, 0.08904598024516056, 0.028501945677344112, 0.04586593099506746, 0.12232160451226662, 0.12693622442168534, 0.1340047345326592, 0.15526814259394442, 0.16406749034298482, 0.17315750250156228, 0.15428571616301298, 0.13998043563217985, 0.13823613520122716, 0.1387637673391193, 0.14521249243955012, 0.16664202638842293, 0.20300851377902399, 0.21489099183755087, 0.23120537082679404, 0.24735160043179505, 0.25160223817024246, 0.2544859548871031, 0.24961591540855238, 0.20299954752958166, 0.14786249472213742, 0.22993280722964754, 0.22323477918796478, 0.2378166875757537, 0.22532062747807535, 0.17471004895170106, 0.05518504323371205, 0.0, 0.0, 0.01708375609555931, 0.08867149959246085, -0.053981369697432065, -0.01708217499376557, 0.04175299647592898, 0.0, 0.0, 0.29867181748370214, -0.15012677300412441, 0.00897661212384304, 0.1495643425495623, -0.09664737083032686, 0.0, 0.0, 0.0], [0.06302837996672578, 0.06884493647455145, 0.11035155381366982, 0.11326237135903525, 0.07803674343418597, 0.12258997065364342, 0.0690326640934279, 0.04169840818828596, 0.08382377095285584, 0.07861731531217575, 0.08866501319339003, 0.03454398388112881, 0.0545478564125639, 0.1333596123166218, 0.13333132071975418, 0.14334321540308748, 0.16282258271753025, 0.1652525029182466, 0.1747330785006245, 0.1605388312245611, 0.14736196370352958, 0.14598410730272932, 0.1451067156471997, 0.1418448969168544, 0.1607239687431595, 0.1976863110642829, 0.2053177524389147, 0.23308918532602396, 0.24982796629077408, 0.2447364290519926, 0.24961591540855238, 0.2740264874080399, 0.22269307273638078, 0.15695531099478707, 0.2409417774393709, 0.23696363716284558, 0.2482546951925796, 0.23529617513575854, 0.1838164829037519, 0.056424159538580224, 0.0, 0.0, 0.015689692612898785, 0.059115805974384546, -0.048219711836731405, -0.021150944950030278, 0.0427004851836592, 0.0, 0.0, 0.3027374836546687, -0.15353677670782956, 0.009664069797240025, 0.13210072788545207, -0.12865000446231012, 0.0, 0.0, 0.0], [0.052180879276405766, 0.05336067818542528, 0.08394643560649623, 0.08906779282771386, 0.05995180312830518, 0.09458122292834736, 0.05332473083507913, 0.03062951009301711, 0.06953158603061674, 0.06421657209500922, 0.07095841185837107, 0.0322085004764256, 0.04568090987881908, 0.11290693082179755, 0.11166730268564397, 0.11859716499656005, 0.1251266508213005, 0.12825723490633667, 0.139593998732934, 0.12886460167765051, 0.12458767278283531, 0.13254907302251487, 0.1252798692042697, 0.11448868720844257, 0.13113081600294302, 0.16045086485403023, 0.16711268410982624, 0.198780787571198, 0.21942196177057843, 0.2010865991838092, 0.20299954752958166, 0.22269307273638078, 0.21200969367562042, 0.15268237560838974, 0.19733958307351815, 0.19299249695775178, 0.20147499777022032, 0.1874671484658511, 0.14622140094461722, 0.047463117729710645, 0.0, 0.0, 0.01742180639287119, 0.02754813204885825, -0.03131394694132185, -0.02866351622025014, 0.03730998852816798, 0.0, 0.0, 0.2679019388996797, -0.142131427360723, 0.008901698216334486, 0.10596074648494214, -0.09516924089347747, 0.0, 0.0, 0.0], [0.042845658964139985, 0.05498406943092557, 0.06929185526900636, 0.07798452920794191, 0.07266817502278183, 0.09596639631681132, 0.06044209510606845, 0.051791324409825694, 0.08966590293248791, 0.09359948817433154, 0.0924646232823631, 0.052128228741984146, 0.06650479998935865, 0.11988903308506224, 0.11950358513197556, 0.11156974040519008, 0.10030982429560428, 0.09943988715224857, 0.10432961677246433, 0.08179925408561306, 0.07706097522872526, 0.0935520569541764, 0.09517802643318651, 0.10000937599117321, 0.08034692415027811, 0.09578524465928126, 0.09539315866845467, 0.10922433364287376, 0.13817410913455508, 0.1439879802965262, 0.14786249472213742, 0.15695531099478707, 0.15268237560838974, 0.2022972938920377, 0.2381619417071971, 0.14935460388253194, 0.15159614377586453, 0.1465873250397237, 0.1256545233763954, 0.040238203362422564, 0.0, 0.0, -0.01310825078246604, 0.06804445177149912, -0.03069684575063747, -0.014989671380626861, 0.029590768380297415, 0.0, 0.0, 0.18054971267789538, -0.18271585955964642, 0.006162699242597576, 0.14242690467493696, -0.17637586080306844, 0.0, 0.0, 0.0], [0.062240856345425324, 0.08417821220870461, 0.12006682179710076, 0.13865602333688465, 0.11891047011405231, 0.16038433125548235, 0.09568592439716478, 0.07206713437154141, 0.12158445953194968, 0.12592582188610174, 0.13735288899839182, 0.057101502202051, 0.08248138196344845, 0.18306754483429782, 0.18665189712386437, 0.17863165252926255, 0.17406005051704365, 0.16940109997460906, 0.18260136410387978, 0.14651503224405804, 0.13281747101456548, 0.14021945573817812, 0.14327765645939572, 0.15690712688653338, 0.14089657707242875, 0.1688380639032743, 0.17375569228629867, 0.1874416313156402, 0.21725418552933193, 0.23649889642800637, 0.22993280722964754, 0.2409417774393709, 0.19733958307351815, 0.2381619417071971, 0.3676018998689856, 0.25484094347399977, 0.2567948917944289, 0.25562591288882375, 0.20885172560051324, 0.06095972266762931, 0.0, 0.0, -0.012124345013480593, 0.133457336852904, -0.06292127135332823, -0.002890498795743376, 0.04431659722946778, 0.0, 0.0, 0.27377302335527015, -0.21712289305512644, 0.00929582885442494, 0.20331722968276272, -0.2698516483881838, 0.0, 0.0, 0.0], [0.06422158562808644, 0.07837892773543198, 0.11958334781907776, 0.12621160049099941, 0.08629247834103954, 0.12044201074267498, 0.05922309785399636, 0.03958701077812888, 0.07951985962416024, 0.08073828492353652, 0.08777199949718513, 0.028171559128217616, 0.04734364601801511, 0.13680352040974267, 0.1383699790196909, 0.13903263337009095, 0.14776638316358023, 0.1460628940141092, 0.16322256003726385, 0.15012845150680737, 0.14029646459352943, 0.1346617584491504, 0.13465385485600873, 0.12737451642516046, 0.142169113303827, 0.1728205271452171, 0.18415716522037195, 0.20701531161813486, 0.22747717270141382, 0.22921876925101, 0.22323477918796478, 0.23696363716284558, 0.19299249695775178, 0.14935460388253194, 0.25484094347399977, 0.256542010641008, 0.2526230937405489, 0.23973908583293851, 0.18475536559428032, 0.05566335717000643, 0.0, 0.0, 0.013443729767601208, 0.05979763672308072, -0.046976357241819526, -0.009062501176881342, 0.03884923505007737, 0.0, 0.0, 0.2780170489133084, -0.1354692238491114, 0.00858399598883467, 0.12528164961520388, -0.15769966857502302, 0.0, 0.0, 0.0], [0.06583599155908922, 0.07884480730347439, 0.12067421194114109, 0.130549011992111, 0.09205455811082645, 0.13749538411209952, 0.07195555436521898, 0.04110851363094159, 0.0833370114241137, 0.08731041521317459, 0.0983987430186804, 0.03189273283256026, 0.05237401670631786, 0.14649833838452764, 0.14708628727573805, 0.14576529860161386, 0.16092793734386557, 0.16827867267360772, 0.18186800520540977, 0.16206379015582079, 0.1513277040607736, 0.14743943547238372, 0.13961669461190537, 0.13801816932919325, 0.156716793304523, 0.189569601652031, 0.20208244797755387, 0.2192729606438786, 0.24171162892490733, 0.24552998806066642, 0.2378166875757537, 0